Nomor Referensi,Tgl Transaksi,Tgl Efektif,Debit,Kredit,Saldo,Keterangan
000CBBC213190737,44515,44513,,1350000,1966348022,4097669911020000  523  617971 VA : 8166010132122107 - MUHAMMAD FAYYADH HILMI SUHARYA  CDT TRF PRIMA 
000CBBC213193064,44515,44513,,1050000,1967398022,6034947120163797  523  495490 VA : 8166010132122037 - FAHRI AHMAD SYATHIR ATHALLAH  CDT TRF PRIMA 
000CBAB21319B1T0,44515,44515,,400000,1977498022,6019004529383224  522  000000396562 VA : 8166090002223073 - AL AZZAM  CDT TRF BENFC BERSAMA 
000VAFT213196052,44515,44515,,100000,1977598022,6019231210088723  BMIDIN01  000135937058 VA : 8166090002223059 - AHMAD BILAL AL ABIDZAR  VA - TRANSFER 
000VAFT213196060,44515,44515,,100000,1977698022,6019231260002791  BMIDIN01  000193496941 VA : 8166090002223098 - AISYAH SYAHIDAH  VA - TRANSFER 
000AVAF213190149,44515,44515,,100000,1977798022,6019233070030364  FLIP0108  010898874070 VA : 8166090002223071 - FREISSY ALESHA ZAHRA  VA - TRANSFER 
000CBBC21319A5LR,44515,44515,,1360000,1979158022,4097669910200000  523  706058 VA : 8166110052122008 - BANYUFATIH RYUDUTA  CDT TRF PRIMA 
000CBBC21319A7MV,44515,44515,,900000,1983308022,6034948811238721  523  390486 VA : 8166010101819055 - MUHAMAD FADHIL AL FAUZAN  CDT TRF PRIMA 
121DCTC213190504,44515,44515,364200,,1982943822,6019231210038105  TID121  115101323824 DARI 1210038105 YAY. PENDIDIKAN ISLAM IMAM AHM KE 1210103637 PENDIDIKAN ISLAM IMAM AHMAD BI FPK-478-YPI-S05-11-2021  INTERNAL TRANSFER CMS 
121DCTC213190505,44515,44515,479100,,1982464722,6019231210038105  TID121  115101323825 DARI 1210038105 YAY. PENDIDIKAN ISLAM IMAM AHM KE 1210103637 PENDIDIKAN ISLAM IMAM AHMAD BI FPK-477-YPI-S05-11-2021 tag mi  INTERNAL TRANSFER CMS 
121DCTC213190506,44515,44515,444400,,1982020322,6019231210038105  TID121  115101323826 DARI 1210038105 YAY. PENDIDIKAN ISLAM IMAM AHM KE 1210103637 PENDIDIKAN ISLAM IMAM AHMAD BI FPK-472-YPI-U03-11-2021 tag un  INTERNAL TRANSFER CMS 
000CBBC21319B08Z,44515,44515,,1350000,1983370322,4097669910200000  523  891242 VA : 8166010132122113 - RAFA MULYA OCTAVIANTANA  CDT TRF PRIMA 
000CBBC21319A73C,44515,44515,,1350000,1984720322,4097669910200000  523  880786 VA : 8166010132122111 - FARA HUMAIRAH OCTAVIANTANA  CDT TRF PRIMA 
000CBAB21319C11G,44515,44515,,200000,1984920322,5307952045421543  522  000000532418 VA : 8166010051314029 - YAZID  CDT TRF BENFC BERSAMA 
000VAFT213201838,44516,44516,,1000000,1985920322,6019230052122011  14110  103324001928 VA : 8166110052122011 - HISHON DZAKI FATIHUDDIN  VA - TRANSFER 
000CBAB213206085,44516,44516,,400000,1986320322,6019008504106674  522  000000492702 VA : 8166090002223099 - RAKA ANNUR IBRAHIM  CDT TRF BENFC BERSAMA 
000CBBC213204526,44516,44516,,400000,1986720322,4097669910200000  523  713961 VA : 8166090002223103 - SIDDIQA HASHII AYSE PAREESIMA  CDT TRF PRIMA 
121DCTC213200004,44516,44516,1604125,,1985116197,6019231210038105  TID121  116101329485 DARI 1210038105 YAY. PENDIDIKAN ISLAM IMAM AHM KE 1210103637 PENDIDIKAN ISLAM IMAM AHMAD BI FPK-473-YPI-U03-11-2021 Tag mi  INTERNAL TRANSFER CMS 
000CBAB21320A03J,44516,44516,,950000,1986066197,6372150111920070  522  737257137416 VA : 8166010111920070 - NAYEEF RIZQI SUNGKAR  CDT TRF BENFC BERSAMA 
000CBAB213209957,44516,44516,,400000,1986466197,6019008502986341  522  000000622568 VA : 8166090002223101 - SALMAN YAZID UWAIS  CDT TRF BENFC BERSAMA 
000CBAB213215680,44517,44517,,400000,1993266197,5307952036300284  522  000000955523 VA : 8166090002223115 - BAGASKARA ASSIDDIQ PUTRA BARIK  CDT TRF BENFC BERSAMA 
000VAFT213211739,44517,44517,,400000,1993666197,6019231210085538  BMIDIN01  000155187161 VA : 8166090002223086 - MUHAMMAD ZAKY  VA - TRANSFER 
121DCTC213211001,44517,44517,425600,,1994840597,6019231210038105  TID121  117101337292 DARI 1210038105 YAY. PENDIDIKAN ISLAM IMAM AHM KE 1210103637 PENDIDIKAN ISLAM IMAM AHMAD BI FPK-475-YPI-U03-11-2021 Tag mi  INTERNAL TRANSFER CMS 
000CBAB21321A0RV,44517,44517,,400000,1995240597,622011020007321413  522  000000537885 VA : 8166090002223108 - SYAFIQ AYYUB RANU  CDT TRF BENFC BERSAMA 
